[th (6).jpg]
moddate=8754d49b1273d101
width=300
height=113
text=1;144;21;Register Your Details;Papyrus;0.060611,0.655770,0.233333,6.283185;v1,4281280438,4278190080,128.000000,1.000000,0.420561,1.000000,700,2,49152;;
textactive=1
[th (2).jpg]
moddate=239d32d41473d101
width=300
height=222
text=1;168;45;Kindly enter Login ID and password to Login..;Papyrus;0.035524,0.830486,0.061111,6.283185;v1,4281280438,4278190080,128.000000,1.000000,0.925234,1.000000,400,2,49152;;
textactive=1
